{
  "provider": "qwen3_5_9b",
  "model": "qwen3.5-9b",
  "timestamp": "20260521_192914",
  "samples_completed": 500,
  "samples_total": 500,
  "wall_seconds": 68889.79,
  "verdict_label_order": [
    "True",
    "Mostly True",
    "Mixture",
    "Mostly False",
    "False"
  ],
  "taxonomy_label_order": [
    "T1 Fabrication",
    "T2 Distortion",
    "T3 Misleading Context",
    "V1 Synthetic Visual Content",
    "V2 Visual Editing",
    "C1 Semantic Inconsistency",
    "C2 Contextual Inconsistency",
    "C3 Pragmatic Inconsistency"
  ],
  "verdict_metrics": {
    "total": 500,
    "valid": 500,
    "errors": 0,
    "correct": 128,
    "accuracy": 0.256,
    "valid_accuracy": 0.256,
    "macro_precision": 0.2398,
    "macro_recall": 0.2567,
    "macro_f1": 0.2331,
    "per_label": [
      {
        "label": "True",
        "support": 100,
        "tp": 24,
        "fp": 74,
        "fn": 76,
        "precision": 0.2449,
        "recall": 0.24,
        "f1": 0.2424
      },
      {
        "label": "Mostly True",
        "support": 99,
        "tp": 8,
        "fp": 40,
        "fn": 91,
        "precision": 0.1667,
        "recall": 0.0808,
        "f1": 0.1088
      },
      {
        "label": "Mixture",
        "support": 100,
        "tp": 21,
        "fp": 58,
        "fn": 79,
        "precision": 0.2658,
        "recall": 0.21,
        "f1": 0.2346
      },
      {
        "label": "Mostly False",
        "support": 102,
        "tp": 17,
        "fp": 55,
        "fn": 85,
        "precision": 0.2361,
        "recall": 0.1667,
        "f1": 0.1954
      },
      {
        "label": "False",
        "support": 99,
        "tp": 58,
        "fp": 145,
        "fn": 41,
        "precision": 0.2857,
        "recall": 0.5859,
        "f1": 0.3841
      }
    ],
    "confusion_matrix": {
      "row_labels": [
        "True",
        "Mostly True",
        "Mixture",
        "Mostly False",
        "False"
      ],
      "col_labels": [
        "True",
        "Mostly True",
        "Mixture",
        "Mostly False",
        "False",
        "ERROR"
      ],
      "counts": [
        [
          24,
          11,
          20,
          13,
          32,
          0
        ],
        [
          21,
          8,
          15,
          13,
          42,
          0
        ],
        [
          19,
          10,
          21,
          15,
          35,
          0
        ],
        [
          23,
          10,
          16,
          17,
          36,
          0
        ],
        [
          11,
          9,
          7,
          14,
          58,
          0
        ]
      ],
      "row_normalized": [
        [
          0.24,
          0.11,
          0.2,
          0.13,
          0.32,
          0.0
        ],
        [
          0.2121,
          0.0808,
          0.1515,
          0.1313,
          0.4242,
          0.0
        ],
        [
          0.19,
          0.1,
          0.21,
          0.15,
          0.35,
          0.0
        ],
        [
          0.2255,
          0.098,
          0.1569,
          0.1667,
          0.3529,
          0.0
        ],
        [
          0.1111,
          0.0909,
          0.0707,
          0.1414,
          0.5859,
          0.0
        ]
      ]
    }
  },
  "taxonomy_metrics": {
    "total": 500,
    "valid": 500,
    "errors": 0,
    "exact_correct": 16,
    "exact_match_accuracy": 0.032,
    "valid_exact_match_accuracy": 0.032,
    "micro_precision": 0.4425,
    "micro_recall": 0.2962,
    "micro_f1": 0.3549,
    "macro_precision": 0.3883,
    "macro_recall": 0.2714,
    "macro_f1": 0.2858,
    "average_jaccard": 0.216,
    "per_label": [
      {
        "label": "T1 Fabrication",
        "support": 99,
        "predicted": 198,
        "tp": 49,
        "fp": 149,
        "fn": 50,
        "precision": 0.2475,
        "recall": 0.4949,
        "f1": 0.33
      },
      {
        "label": "T2 Distortion",
        "support": 222,
        "predicted": 73,
        "tp": 42,
        "fp": 31,
        "fn": 180,
        "precision": 0.5753,
        "recall": 0.1892,
        "f1": 0.2847
      },
      {
        "label": "T3 Misleading Context",
        "support": 164,
        "predicted": 20,
        "tp": 7,
        "fp": 13,
        "fn": 157,
        "precision": 0.35,
        "recall": 0.0427,
        "f1": 0.0761
      },
      {
        "label": "V1 Synthetic Visual Content",
        "support": 145,
        "predicted": 118,
        "tp": 46,
        "fp": 72,
        "fn": 99,
        "precision": 0.3898,
        "recall": 0.3172,
        "f1": 0.3498
      },
      {
        "label": "V2 Visual Editing",
        "support": 272,
        "predicted": 225,
        "tp": 136,
        "fp": 89,
        "fn": 136,
        "precision": 0.6044,
        "recall": 0.5,
        "f1": 0.5473
      },
      {
        "label": "C1 Semantic Inconsistency",
        "support": 212,
        "predicted": 68,
        "tp": 33,
        "fp": 35,
        "fn": 179,
        "precision": 0.4853,
        "recall": 0.1557,
        "f1": 0.2357
      },
      {
        "label": "C2 Contextual Inconsistency",
        "support": 210,
        "predicted": 218,
        "tp": 99,
        "fp": 119,
        "fn": 111,
        "precision": 0.4541,
        "recall": 0.4714,
        "f1": 0.4626
      },
      {
        "label": "C3 Pragmatic Inconsistency",
        "support": 67,
        "predicted": 11,
        "tp": 0,
        "fp": 11,
        "fn": 67,
        "precision": 0.0,
        "recall": 0.0,
        "f1": 0.0
      }
    ]
  },
  "figures": {
    "verdict_confusion_matrix": {
      "status": "ok",
      "files": [
        "/path/to/ReMMD-Agent/t2-agent/artifacts/runs/qwen3_5_9b_20260521_192914/figures/qwen3_5_9b_verdict_confusion_matrix.png",
        "/path/to/ReMMD-Agent/t2-agent/artifacts/runs/qwen3_5_9b_20260521_192914/figures/qwen3_5_9b_verdict_confusion_matrix.pdf"
      ]
    },
    "verdict_per_label_bar": {
      "status": "ok",
      "files": [
        "/path/to/ReMMD-Agent/t2-agent/artifacts/runs/qwen3_5_9b_20260521_192914/figures/qwen3_5_9b_verdict_per_label_bar.png",
        "/path/to/ReMMD-Agent/t2-agent/artifacts/runs/qwen3_5_9b_20260521_192914/figures/qwen3_5_9b_verdict_per_label_bar.pdf"
      ]
    },
    "taxonomy_per_label_bar": {
      "status": "ok",
      "files": [
        "/path/to/ReMMD-Agent/t2-agent/artifacts/runs/qwen3_5_9b_20260521_192914/figures/qwen3_5_9b_taxonomy_per_label_bar.png",
        "/path/to/ReMMD-Agent/t2-agent/artifacts/runs/qwen3_5_9b_20260521_192914/figures/qwen3_5_9b_taxonomy_per_label_bar.pdf"
      ]
    },
    "taxonomy_label_alignment_heatmap": {
      "status": "ok",
      "files": [
        "/path/to/ReMMD-Agent/t2-agent/artifacts/runs/qwen3_5_9b_20260521_192914/figures/qwen3_5_9b_taxonomy_label_alignment_heatmap.png",
        "/path/to/ReMMD-Agent/t2-agent/artifacts/runs/qwen3_5_9b_20260521_192914/figures/qwen3_5_9b_taxonomy_label_alignment_heatmap.pdf"
      ],
      "valid_samples": 486,
      "counts": [
        [
          49.0,
          17.0,
          4.0,
          33.0,
          36.0,
          19.0,
          55.0,
          3.0
        ],
        [
          95.0,
          42.0,
          11.0,
          54.0,
          100.0,
          34.0,
          96.0,
          5.0
        ],
        [
          58.0,
          24.0,
          7.0,
          45.0,
          82.0,
          16.0,
          72.0,
          5.0
        ],
        [
          64.0,
          29.0,
          7.0,
          46.0,
          54.0,
          25.0,
          72.0,
          5.0
        ],
        [
          115.0,
          45.0,
          12.0,
          69.0,
          136.0,
          37.0,
          113.0,
          7.0
        ],
        [
          93.0,
          41.0,
          8.0,
          62.0,
          88.0,
          33.0,
          104.0,
          5.0
        ],
        [
          88.0,
          26.0,
          11.0,
          57.0,
          100.0,
          31.0,
          99.0,
          6.0
        ],
        [
          25.0,
          11.0,
          4.0,
          14.0,
          33.0,
          7.0,
          24.0,
          0.0
        ]
      ],
      "row_normalized": [
        [
          0.22685185185185186,
          0.0787037037037037,
          0.018518518518518517,
          0.1527777777777778,
          0.16666666666666666,
          0.08796296296296297,
          0.25462962962962965,
          0.013888888888888888
        ],
        [
          0.21739130434782608,
          0.09610983981693363,
          0.02517162471395881,
          0.12356979405034325,
          0.2288329519450801,
          0.07780320366132723,
          0.21967963386727687,
          0.011441647597254004
        ],
        [
          0.18770226537216828,
          0.07766990291262135,
          0.022653721682847898,
          0.14563106796116504,
          0.26537216828478966,
          0.05177993527508091,
          0.23300970873786409,
          0.016181229773462782
        ],
        [
          0.2119205298013245,
          0.09602649006622517,
          0.023178807947019868,
          0.152317880794702,
          0.17880794701986755,
          0.08278145695364239,
          0.23841059602649006,
          0.016556291390728478
        ],
        [
          0.2153558052434457,
          0.08426966292134831,
          0.02247191011235955,
          0.12921348314606743,
          0.2546816479400749,
          0.06928838951310862,
          0.21161048689138576,
          0.013108614232209739
        ],
        [
          0.21428571428571427,
          0.0944700460829493,
          0.018433179723502304,
          0.14285714285714285,
          0.20276497695852536,
          0.07603686635944701,
          0.23963133640552994,
          0.01152073732718894
        ],
        [
          0.21052631578947367,
          0.06220095693779904,
          0.02631578947368421,
          0.13636363636363635,
          0.23923444976076555,
          0.07416267942583732,
          0.23684210526315788,
          0.014354066985645933
        ],
        [
          0.211864406779661,
          0.09322033898305085,
          0.03389830508474576,
          0.11864406779661017,
          0.2796610169491525,
          0.059322033898305086,
          0.2033898305084746,
          0.0
        ]
      ]
    }
  }
}