{
  "provider": "qwen3_5_4b",
  "model": "qwen3.5-4b",
  "timestamp": "20260521_192914",
  "samples_completed": 500,
  "samples_total": 500,
  "wall_seconds": 72683.12,
  "verdict_label_order": [
    "True",
    "Mostly True",
    "Mixture",
    "Mostly False",
    "False"
  ],
  "taxonomy_label_order": [
    "T1 Fabrication",
    "T2 Distortion",
    "T3 Misleading Context",
    "V1 Synthetic Visual Content",
    "V2 Visual Editing",
    "C1 Semantic Inconsistency",
    "C2 Contextual Inconsistency",
    "C3 Pragmatic Inconsistency"
  ],
  "verdict_metrics": {
    "total": 500,
    "valid": 500,
    "errors": 0,
    "correct": 106,
    "accuracy": 0.212,
    "valid_accuracy": 0.212,
    "macro_precision": 0.2041,
    "macro_recall": 0.212,
    "macro_f1": 0.1992,
    "per_label": [
      {
        "label": "True",
        "support": 100,
        "tp": 11,
        "fp": 54,
        "fn": 89,
        "precision": 0.1692,
        "recall": 0.11,
        "f1": 0.1333
      },
      {
        "label": "Mostly True",
        "support": 99,
        "tp": 9,
        "fp": 50,
        "fn": 90,
        "precision": 0.1525,
        "recall": 0.0909,
        "f1": 0.1139
      },
      {
        "label": "Mixture",
        "support": 100,
        "tp": 19,
        "fp": 82,
        "fn": 81,
        "precision": 0.1881,
        "recall": 0.19,
        "f1": 0.1891
      },
      {
        "label": "Mostly False",
        "support": 102,
        "tp": 26,
        "fp": 64,
        "fn": 76,
        "precision": 0.2889,
        "recall": 0.2549,
        "f1": 0.2708
      },
      {
        "label": "False",
        "support": 99,
        "tp": 41,
        "fp": 144,
        "fn": 58,
        "precision": 0.2216,
        "recall": 0.4141,
        "f1": 0.2887
      }
    ],
    "confusion_matrix": {
      "row_labels": [
        "True",
        "Mostly True",
        "Mixture",
        "Mostly False",
        "False"
      ],
      "col_labels": [
        "True",
        "Mostly True",
        "Mixture",
        "Mostly False",
        "False",
        "ERROR"
      ],
      "counts": [
        [
          11,
          10,
          29,
          12,
          38,
          0
        ],
        [
          14,
          9,
          22,
          13,
          41,
          0
        ],
        [
          19,
          15,
          19,
          16,
          31,
          0
        ],
        [
          13,
          12,
          17,
          26,
          34,
          0
        ],
        [
          8,
          13,
          14,
          23,
          41,
          0
        ]
      ],
      "row_normalized": [
        [
          0.11,
          0.1,
          0.29,
          0.12,
          0.38,
          0.0
        ],
        [
          0.1414,
          0.0909,
          0.2222,
          0.1313,
          0.4141,
          0.0
        ],
        [
          0.19,
          0.15,
          0.19,
          0.16,
          0.31,
          0.0
        ],
        [
          0.1275,
          0.1176,
          0.1667,
          0.2549,
          0.3333,
          0.0
        ],
        [
          0.0808,
          0.1313,
          0.1414,
          0.2323,
          0.4141,
          0.0
        ]
      ]
    }
  },
  "taxonomy_metrics": {
    "total": 500,
    "valid": 500,
    "errors": 0,
    "exact_correct": 9,
    "exact_match_accuracy": 0.018,
    "valid_exact_match_accuracy": 0.018,
    "micro_precision": 0.4058,
    "micro_recall": 0.2926,
    "micro_f1": 0.34,
    "macro_precision": 0.3795,
    "macro_recall": 0.2727,
    "macro_f1": 0.2851,
    "average_jaccard": 0.1958,
    "per_label": [
      {
        "label": "T1 Fabrication",
        "support": 99,
        "predicted": 198,
        "tp": 44,
        "fp": 154,
        "fn": 55,
        "precision": 0.2222,
        "recall": 0.4444,
        "f1": 0.2963
      },
      {
        "label": "T2 Distortion",
        "support": 222,
        "predicted": 76,
        "tp": 31,
        "fp": 45,
        "fn": 191,
        "precision": 0.4079,
        "recall": 0.1396,
        "f1": 0.2081
      },
      {
        "label": "T3 Misleading Context",
        "support": 164,
        "predicted": 44,
        "tp": 16,
        "fp": 28,
        "fn": 148,
        "precision": 0.3636,
        "recall": 0.0976,
        "f1": 0.1538
      },
      {
        "label": "V1 Synthetic Visual Content",
        "support": 145,
        "predicted": 131,
        "tp": 42,
        "fp": 89,
        "fn": 103,
        "precision": 0.3206,
        "recall": 0.2897,
        "f1": 0.3043
      },
      {
        "label": "V2 Visual Editing",
        "support": 272,
        "predicted": 188,
        "tp": 114,
        "fp": 74,
        "fn": 158,
        "precision": 0.6064,
        "recall": 0.4191,
        "f1": 0.4957
      },
      {
        "label": "C1 Semantic Inconsistency",
        "support": 212,
        "predicted": 67,
        "tp": 36,
        "fp": 31,
        "fn": 176,
        "precision": 0.5373,
        "recall": 0.1698,
        "f1": 0.2581
      },
      {
        "label": "C2 Contextual Inconsistency",
        "support": 210,
        "predicted": 278,
        "tp": 121,
        "fp": 157,
        "fn": 89,
        "precision": 0.4353,
        "recall": 0.5762,
        "f1": 0.4959
      },
      {
        "label": "C3 Pragmatic Inconsistency",
        "support": 67,
        "predicted": 21,
        "tp": 3,
        "fp": 18,
        "fn": 64,
        "precision": 0.1429,
        "recall": 0.0448,
        "f1": 0.0682
      }
    ]
  },
  "figures": {
    "verdict_confusion_matrix": {
      "status": "ok",
      "files": [
        "/path/to/ReMMD-Agent/t2-agent/artifacts/runs/qwen3_5_4b_20260521_184201/figures/qwen3_5_4b_verdict_confusion_matrix.png",
        "/path/to/ReMMD-Agent/t2-agent/artifacts/runs/qwen3_5_4b_20260521_184201/figures/qwen3_5_4b_verdict_confusion_matrix.pdf"
      ]
    },
    "verdict_per_label_bar": {
      "status": "ok",
      "files": [
        "/path/to/ReMMD-Agent/t2-agent/artifacts/runs/qwen3_5_4b_20260521_184201/figures/qwen3_5_4b_verdict_per_label_bar.png",
        "/path/to/ReMMD-Agent/t2-agent/artifacts/runs/qwen3_5_4b_20260521_184201/figures/qwen3_5_4b_verdict_per_label_bar.pdf"
      ]
    },
    "taxonomy_per_label_bar": {
      "status": "ok",
      "files": [
        "/path/to/ReMMD-Agent/t2-agent/artifacts/runs/qwen3_5_4b_20260521_184201/figures/qwen3_5_4b_taxonomy_per_label_bar.png",
        "/path/to/ReMMD-Agent/t2-agent/artifacts/runs/qwen3_5_4b_20260521_184201/figures/qwen3_5_4b_taxonomy_per_label_bar.pdf"
      ]
    },
    "taxonomy_label_alignment_heatmap": {
      "status": "ok",
      "files": [
        "/path/to/ReMMD-Agent/t2-agent/artifacts/runs/qwen3_5_4b_20260521_184201/figures/qwen3_5_4b_taxonomy_label_alignment_heatmap.png",
        "/path/to/ReMMD-Agent/t2-agent/artifacts/runs/qwen3_5_4b_20260521_184201/figures/qwen3_5_4b_taxonomy_label_alignment_heatmap.pdf"
      ],
      "valid_samples": 494,
      "counts": [
        [
          44.0,
          20.0,
          9.0,
          31.0,
          32.0,
          20.0,
          63.0,
          5.0
        ],
        [
          92.0,
          31.0,
          21.0,
          56.0,
          78.0,
          35.0,
          126.0,
          13.0
        ],
        [
          56.0,
          28.0,
          16.0,
          40.0,
          72.0,
          17.0,
          87.0,
          12.0
        ],
        [
          66.0,
          27.0,
          17.0,
          42.0,
          50.0,
          21.0,
          84.0,
          6.0
        ],
        [
          104.0,
          42.0,
          24.0,
          70.0,
          114.0,
          41.0,
          150.0,
          17.0
        ],
        [
          95.0,
          31.0,
          20.0,
          59.0,
          79.0,
          36.0,
          125.0,
          12.0
        ],
        [
          78.0,
          34.0,
          22.0,
          42.0,
          93.0,
          27.0,
          121.0,
          11.0
        ],
        [
          26.0,
          14.0,
          6.0,
          24.0,
          24.0,
          6.0,
          34.0,
          3.0
        ]
      ],
      "row_normalized": [
        [
          0.19642857142857142,
          0.08928571428571429,
          0.04017857142857143,
          0.13839285714285715,
          0.14285714285714285,
          0.08928571428571429,
          0.28125,
          0.022321428571428572
        ],
        [
          0.20353982300884957,
          0.06858407079646017,
          0.046460176991150445,
          0.12389380530973451,
          0.17256637168141592,
          0.07743362831858407,
          0.27876106194690264,
          0.028761061946902654
        ],
        [
          0.17073170731707318,
          0.08536585365853659,
          0.04878048780487805,
          0.12195121951219512,
          0.21951219512195122,
          0.051829268292682924,
          0.2652439024390244,
          0.036585365853658534
        ],
        [
          0.2108626198083067,
          0.08626198083067092,
          0.054313099041533544,
          0.134185303514377,
          0.1597444089456869,
          0.0670926517571885,
          0.268370607028754,
          0.019169329073482427
        ],
        [
          0.18505338078291814,
          0.07473309608540925,
          0.042704626334519574,
          0.12455516014234876,
          0.20284697508896798,
          0.07295373665480427,
          0.2669039145907473,
          0.030249110320284697
        ],
        [
          0.20787746170678337,
          0.06783369803063458,
          0.0437636761487965,
          0.12910284463894967,
          0.17286652078774617,
          0.0787746170678337,
          0.2735229759299781,
          0.0262582056892779
        ],
        [
          0.1822429906542056,
          0.0794392523364486,
          0.0514018691588785,
          0.09813084112149532,
          0.21728971962616822,
          0.0630841121495327,
          0.2827102803738318,
          0.02570093457943925
        ],
        [
          0.1897810218978102,
          0.10218978102189781,
          0.043795620437956206,
          0.17518248175182483,
          0.17518248175182483,
          0.043795620437956206,
          0.24817518248175183,
          0.021897810218978103
        ]
      ]
    }
  }
}