{
  "provider": "qwen3_6_27b",
  "model": "qwen3.6-27b",
  "timestamp": "20260521_192914",
  "samples_completed": 500,
  "samples_total": 500,
  "wall_seconds": 105000.42,
  "verdict_label_order": [
    "True",
    "Mostly True",
    "Mixture",
    "Mostly False",
    "False"
  ],
  "taxonomy_label_order": [
    "T1 Fabrication",
    "T2 Distortion",
    "T3 Misleading Context",
    "V1 Synthetic Visual Content",
    "V2 Visual Editing",
    "C1 Semantic Inconsistency",
    "C2 Contextual Inconsistency",
    "C3 Pragmatic Inconsistency"
  ],
  "verdict_metrics": {
    "total": 500,
    "valid": 500,
    "errors": 0,
    "correct": 130,
    "accuracy": 0.26,
    "valid_accuracy": 0.26,
    "macro_precision": 0.2407,
    "macro_recall": 0.2613,
    "macro_f1": 0.234,
    "per_label": [
      {
        "label": "True",
        "support": 100,
        "tp": 27,
        "fp": 66,
        "fn": 73,
        "precision": 0.2903,
        "recall": 0.27,
        "f1": 0.2798
      },
      {
        "label": "Mostly True",
        "support": 99,
        "tp": 18,
        "fp": 51,
        "fn": 81,
        "precision": 0.2609,
        "recall": 0.1818,
        "f1": 0.2143
      },
      {
        "label": "Mixture",
        "support": 100,
        "tp": 19,
        "fp": 65,
        "fn": 81,
        "precision": 0.2262,
        "recall": 0.19,
        "f1": 0.2065
      },
      {
        "label": "Mostly False",
        "support": 102,
        "tp": 6,
        "fp": 36,
        "fn": 96,
        "precision": 0.1429,
        "recall": 0.0588,
        "f1": 0.0833
      },
      {
        "label": "False",
        "support": 99,
        "tp": 60,
        "fp": 152,
        "fn": 39,
        "precision": 0.283,
        "recall": 0.6061,
        "f1": 0.3859
      }
    ],
    "confusion_matrix": {
      "row_labels": [
        "True",
        "Mostly True",
        "Mixture",
        "Mostly False",
        "False"
      ],
      "col_labels": [
        "True",
        "Mostly True",
        "Mixture",
        "Mostly False",
        "False",
        "ERROR"
      ],
      "counts": [
        [
          27,
          12,
          17,
          9,
          35,
          0
        ],
        [
          14,
          18,
          21,
          6,
          40,
          0
        ],
        [
          25,
          17,
          19,
          8,
          31,
          0
        ],
        [
          20,
          13,
          17,
          6,
          46,
          0
        ],
        [
          7,
          9,
          10,
          13,
          60,
          0
        ]
      ],
      "row_normalized": [
        [
          0.27,
          0.12,
          0.17,
          0.09,
          0.35,
          0.0
        ],
        [
          0.1414,
          0.1818,
          0.2121,
          0.0606,
          0.404,
          0.0
        ],
        [
          0.25,
          0.17,
          0.19,
          0.08,
          0.31,
          0.0
        ],
        [
          0.1961,
          0.1275,
          0.1667,
          0.0588,
          0.451,
          0.0
        ],
        [
          0.0707,
          0.0909,
          0.101,
          0.1313,
          0.6061,
          0.0
        ]
      ]
    }
  },
  "taxonomy_metrics": {
    "total": 500,
    "valid": 500,
    "errors": 0,
    "exact_correct": 21,
    "exact_match_accuracy": 0.042,
    "valid_exact_match_accuracy": 0.042,
    "micro_precision": 0.4341,
    "micro_recall": 0.289,
    "micro_f1": 0.347,
    "macro_precision": 0.4163,
    "macro_recall": 0.2709,
    "macro_f1": 0.2774,
    "average_jaccard": 0.2221,
    "per_label": [
      {
        "label": "T1 Fabrication",
        "support": 99,
        "predicted": 208,
        "tp": 51,
        "fp": 157,
        "fn": 48,
        "precision": 0.2452,
        "recall": 0.5152,
        "f1": 0.3322
      },
      {
        "label": "T2 Distortion",
        "support": 222,
        "predicted": 40,
        "tp": 18,
        "fp": 22,
        "fn": 204,
        "precision": 0.45,
        "recall": 0.0811,
        "f1": 0.1374
      },
      {
        "label": "T3 Misleading Context",
        "support": 164,
        "predicted": 13,
        "tp": 4,
        "fp": 9,
        "fn": 160,
        "precision": 0.3077,
        "recall": 0.0244,
        "f1": 0.0452
      },
      {
        "label": "V1 Synthetic Visual Content",
        "support": 145,
        "predicted": 163,
        "tp": 58,
        "fp": 105,
        "fn": 87,
        "precision": 0.3558,
        "recall": 0.4,
        "f1": 0.3766
      },
      {
        "label": "V2 Visual Editing",
        "support": 272,
        "predicted": 233,
        "tp": 140,
        "fp": 93,
        "fn": 132,
        "precision": 0.6009,
        "recall": 0.5147,
        "f1": 0.5545
      },
      {
        "label": "C1 Semantic Inconsistency",
        "support": 212,
        "predicted": 82,
        "tp": 49,
        "fp": 33,
        "fn": 163,
        "precision": 0.5976,
        "recall": 0.2311,
        "f1": 0.3333
      },
      {
        "label": "C2 Contextual Inconsistency",
        "support": 210,
        "predicted": 184,
        "tp": 81,
        "fp": 103,
        "fn": 129,
        "precision": 0.4402,
        "recall": 0.3857,
        "f1": 0.4112
      },
      {
        "label": "C3 Pragmatic Inconsistency",
        "support": 67,
        "predicted": 3,
        "tp": 1,
        "fp": 2,
        "fn": 66,
        "precision": 0.3333,
        "recall": 0.0149,
        "f1": 0.0286
      }
    ]
  },
  "figures": {
    "verdict_confusion_matrix": {
      "status": "ok",
      "files": [
        "/path/to/ReMMD-Agent/t2-agent/artifacts/runs/qwen3_6_27b_20260521_192914/figures/qwen3_6_27b_verdict_confusion_matrix.png",
        "/path/to/ReMMD-Agent/t2-agent/artifacts/runs/qwen3_6_27b_20260521_192914/figures/qwen3_6_27b_verdict_confusion_matrix.pdf"
      ]
    },
    "verdict_per_label_bar": {
      "status": "ok",
      "files": [
        "/path/to/ReMMD-Agent/t2-agent/artifacts/runs/qwen3_6_27b_20260521_192914/figures/qwen3_6_27b_verdict_per_label_bar.png",
        "/path/to/ReMMD-Agent/t2-agent/artifacts/runs/qwen3_6_27b_20260521_192914/figures/qwen3_6_27b_verdict_per_label_bar.pdf"
      ]
    },
    "taxonomy_per_label_bar": {
      "status": "ok",
      "files": [
        "/path/to/ReMMD-Agent/t2-agent/artifacts/runs/qwen3_6_27b_20260521_192914/figures/qwen3_6_27b_taxonomy_per_label_bar.png",
        "/path/to/ReMMD-Agent/t2-agent/artifacts/runs/qwen3_6_27b_20260521_192914/figures/qwen3_6_27b_taxonomy_per_label_bar.pdf"
      ]
    },
    "taxonomy_label_alignment_heatmap": {
      "status": "ok",
      "files": [
        "/path/to/ReMMD-Agent/t2-agent/artifacts/runs/qwen3_6_27b_20260521_192914/figures/qwen3_6_27b_taxonomy_label_alignment_heatmap.png",
        "/path/to/ReMMD-Agent/t2-agent/artifacts/runs/qwen3_6_27b_20260521_192914/figures/qwen3_6_27b_taxonomy_label_alignment_heatmap.pdf"
      ],
      "valid_samples": 483,
      "counts": [
        [
          51.0,
          10.0,
          5.0,
          45.0,
          44.0,
          31.0,
          45.0,
          1.0
        ],
        [
          96.0,
          18.0,
          4.0,
          76.0,
          98.0,
          41.0,
          85.0,
          1.0
        ],
        [
          65.0,
          12.0,
          4.0,
          56.0,
          90.0,
          20.0,
          49.0,
          2.0
        ],
        [
          70.0,
          11.0,
          6.0,
          58.0,
          67.0,
          37.0,
          60.0,
          2.0
        ],
        [
          114.0,
          18.0,
          5.0,
          88.0,
          140.0,
          40.0,
          99.0,
          2.0
        ],
        [
          102.0,
          21.0,
          7.0,
          82.0,
          95.0,
          49.0,
          87.0,
          1.0
        ],
        [
          92.0,
          18.0,
          4.0,
          68.0,
          107.0,
          31.0,
          81.0,
          1.0
        ],
        [
          28.0,
          5.0,
          2.0,
          19.0,
          37.0,
          9.0,
          27.0,
          1.0
        ]
      ],
      "row_normalized": [
        [
          0.21982758620689655,
          0.04310344827586207,
          0.021551724137931036,
          0.1939655172413793,
          0.1896551724137931,
          0.1336206896551724,
          0.1939655172413793,
          0.004310344827586207
        ],
        [
          0.22911694510739858,
          0.04295942720763723,
          0.00954653937947494,
          0.18138424821002386,
          0.23389021479713604,
          0.09785202863961814,
          0.20286396181384247,
          0.002386634844868735
        ],
        [
          0.2181208053691275,
          0.040268456375838924,
          0.013422818791946308,
          0.18791946308724833,
          0.30201342281879195,
          0.06711409395973154,
          0.1644295302013423,
          0.006711409395973154
        ],
        [
          0.22508038585209003,
          0.03536977491961415,
          0.01929260450160772,
          0.1864951768488746,
          0.21543408360128619,
          0.1189710610932476,
          0.19292604501607716,
          0.006430868167202572
        ],
        [
          0.22529644268774704,
          0.03557312252964427,
          0.009881422924901186,
          0.17391304347826086,
          0.2766798418972332,
          0.07905138339920949,
          0.1956521739130435,
          0.003952569169960474
        ],
        [
          0.22972972972972974,
          0.0472972972972973,
          0.015765765765765764,
          0.18468468468468469,
          0.21396396396396397,
          0.11036036036036036,
          0.19594594594594594,
          0.0022522522522522522
        ],
        [
          0.22885572139303484,
          0.04477611940298507,
          0.009950248756218905,
          0.1691542288557214,
          0.26616915422885573,
          0.07711442786069651,
          0.20149253731343283,
          0.0024875621890547263
        ],
        [
          0.21875,
          0.0390625,
          0.015625,
          0.1484375,
          0.2890625,
          0.0703125,
          0.2109375,
          0.0078125
        ]
      ]
    }
  }
}